(0              )   (1              )   (1              )   (1              )   (1              )   (1              )   (1              )   (1              )   (1              )   (1              )   (1              )   (1              )   (1              )   (1              )   (1              )   (1              )   (1              )   (1              )   (1              )   (1              )   (1              )   (1              )   (1              )   (1              )   (1              )   (1              )   (1              )   (1              )   (1              )   (1              )   (1              )   (1              )   (1              )   (1              )   (1              )   (1              )   (1              )   (1              )   (1              )   (1              )   (1              )   (1              )   (1              )   (1              )   (1              )   (1              )   (1              )   (1              )   (1              )   (1              )   (1              )   

(0              )   (1              )   (0              )   (-1             )   (-2             )   (-3             )   (-4             )   (-5             )   (-6             )   (-7             )   (-8             )   (-9             )   (-10            )   (-11            )   (-12            )   (-13            )   (-14            )   (-15            )   (-16            )   (-17            )   (-18            )   (-19            )   (-20            )   (-21            )   (-22            )   (-23            )   (-24            )   (-25            )   (-26            )   (-27            )   (-28            )   (-29            )   (-30            )   (-31            )   (-32            )   (-33            )   (-34            )   (-35            )   (-36            )   (-37            )   (-38            )   (-39            )   (-40            )   (-41            )   (-42            )   (-43            )   (-44            )   (-45            )   (-46            )   (-47            )   (-48            )   

(0              )   (1              )   (-1             )   (-2             )   (-2             )   (-1             )   (1              )   (4              )   (8              )   (13             )   (19             )   (26             )   (34             )   (43             )   (53             )   (64             )   (76             )   (89             )   (103            )   (118            )   (134            )   (151            )   (169            )   (188            )   (208            )   (229            )   (251            )   (274            )   (298            )   (323            )   (349            )   (376            )   (404            )   (433            )   (463            )   (494            )   (526            )   (559            )   (593            )   (628            )   (664            )   (701            )   (739            )   (778            )   (818            )   (859            )   (901            )   (944            )   (988            )   (1033           )   (1079           )   

(0              )   (1              )   (-2             )   (-2             )   (0              )   (3              )   (6              )   (8              )   (8              )   (5              )   (-2             )   (-14            )   (-32            )   (-57            )   (-90            )   (-132           )   (-184           )   (-247           )   (-322           )   (-410           )   (-512           )   (-629           )   (-762           )   (-912           )   (-1080          )   (-1267          )   (-1474          )   (-1702          )   (-1952          )   (-2225          )   (-2522          )   (-2844          )   (-3192          )   (-3567          )   (-3970          )   (-4402          )   (-4864          )   (-5357          )   (-5882          )   (-6440          )   (-7032          )   (-7659          )   (-8322          )   (-9022          )   (-9760          )   (-10537         )   (-11354         )   (-12212         )   (-13112         )   (-14055         )   (-15042         )   

(0              )   (1              )   (-3             )   (-1             )   (3              )   (6              )   (6              )   (2              )   (-6             )   (-17            )   (-29            )   (-39            )   (-43            )   (-36            )   (-12            )   (36             )   (116            )   (237            )   (409            )   (643            )   (951            )   (1346           )   (1842           )   (2454           )   (3198           )   (4091           )   (5151           )   (6397           )   (7849           )   (9528           )   (11456          )   (13656          )   (16152          )   (18969          )   (22133          )   (25671          )   (29611          )   (33982          )   (38814          )   (44138          )   (49986          )   (56391          )   (63387          )   (71009          )   (79293          )   (88276          )   (97996          )   (108492         )   (119804         )   (131973         )   (145041         )   

(0              )   (1              )   (-4             )   (1              )   (6              )   (6              )   (0              )   (-10            )   (-20            )   (-25            )   (-20            )   (-1             )   (34             )   (84             )   (144            )   (204            )   (248            )   (253            )   (188            )   (13             )   (-322           )   (-878           )   (-1728          )   (-2958          )   (-4668          )   (-6973          )   (-10004         )   (-13909         )   (-18854         )   (-25024         )   (-32624         )   (-41880         )   (-53040         )   (-66375         )   (-82180         )   (-100775        )   (-122506        )   (-147746        )   (-176896        )   (-210386        )   (-248676        )   (-292257        )   (-341652        )   (-397417        )   (-460142        )   (-530452        )   (-609008        )   (-696508        )   (-793688        )   (-901323        )   (-1020228       )   

(0              )   (1              )   (-5             )   (4              )   (8              )   (2              )   (-10            )   (-20            )   (-20            )   (-5             )   (25             )   (64             )   (100            )   (116            )   (92             )   (8              )   (-152           )   (-395           )   (-713           )   (-1076          )   (-1424          )   (-1658          )   (-1630          )   (-1132          )   (116            )   (2479           )   (6421           )   (12520          )   (21484          )   (34168          )   (51592          )   (74960          )   (105680         )   (145385         )   (195955         )   (259540         )   (338584         )   (435850         )   (554446         )   (697852         )   (869948         )   (1075043        )   (1317905        )   (1603792        )   (1938484        )   (2328316        )   (2780212        )   (3301720        )   (3901048        )   (4587101        )   (5369519        )   

(0              )   (1              )   (-6             )   (8              )   (8              )   (-6             )   (-20            )   (-20            )   (0              )   (35             )   (70             )   (84             )   (56             )   (-28            )   (-168           )   (-344           )   (-512           )   (-603           )   (-526           )   (-176           )   (552            )   (1742           )   (3428           )   (5556           )   (7936           )   (10183          )   (11646          )   (11324          )   (7768           )   (-1032          )   (-17776         )   (-46000         )   (-90240         )   (-156215        )   (-251030        )   (-383400        )   (-563896        )   (-805214        )   (-1122468       )   (-1533508       )   (-2059264       )   (-2724117       )   (-3556298       )   (-4588316       )   (-5857416       )   (-7406068       )   (-9282488       )   (-11541192      )   (-14243584      )   (-17458579      )   (-21263262      )   

(0              )   (1              )   (-7             )   (13             )   (5              )   (-17            )   (-25            )   (-5             )   (35             )   (70             )   (70             )   (14             )   (-98            )   (-238           )   (-350           )   (-358           )   (-182           )   (239            )   (919            )   (1795           )   (2699           )   (3337           )   (3281           )   (1981           )   (-1195          )   (-6884          )   (-15604         )   (-27572         )   (-42452         )   (-59020         )   (-74732         )   (-85180         )   (-83420         )   (-59155         )   (2245           )   (120905         )   (323809         )   (646387         )   (1134347        )   (1845775        )   (2853527        )   (4247938        )   (6139874        )   (8664154        )   (11983370       )   (16292134       )   (21821782       )   (28845566       )   (37684366       )   (48712955       )   (62366851       )   

(0              )   (1              )   (-8             )   (19             )   (-2             )   (-29            )   (-20            )   (25             )   (70             )   (70             )   (0              )   (-126           )   (-252           )   (-294           )   (-168           )   (174            )   (708            )   (1311           )   (1752           )   (1709           )   (818            )   (-1243          )   (-4636          )   (-9217          )   (-14374         )   (-18868         )   (-20704         )   (-17068         )   (-4376          )   (21508          )   (64816          )   (129100         )   (216040         )   (323725         )   (444280         )   (560695         )   (642694         )   (641463         )   (483036         )   (60117          )   (-777906        )   (-2237022       )   (-4593024       )   (-8208618       )   (-13553556      )   (-21228162      )   (-31990648      )   (-46788646      )   (-66795412      )   (-93451189      )   (-128510248     )   

(0              )   (1              )   (-9             )   (26             )   (-14            )   (-39            )   (-1             )   (64             )   (84             )   (14             )   (-126           )   (-252           )   (-252           )   (-42            )   (378            )   (888            )   (1248           )   (1143           )   (273            )   (-1522          )   (-4122          )   (-7001          )   (-9151          )   (-9096          )   (-5036          )   (4844           )   (21876          )   (46216          )   (75976          )   (106236         )   (128036         )   (127504         )   (85344          )   (-23011         )   (-226181        )   (-554046        )   (-1032742       )   (-1676667       )   (-2476557       )   (-3382512       )   (-4280652       )   (-4961862       )   (-5080842       )   (-4103412       )   (-1239732       )   (4639218        )   (15104894       )   (32297544       )   (59079424       )   (99219059       )   (157611189      )   

(0              )   (1              )   (-10            )   (34             )   (-32            )   (-43            )   (34             )   (100            )   (56             )   (-98            )   (-252           )   (-252           )   (0              )   (462            )   (924            )   (1056           )   (528            )   (-825           )   (-2838          )   (-4906          )   (-5984          )   (-4741          )   (110            )   (9316           )   (22472          )   (37388          )   (49576          )   (52040          )   (35584          )   (-10132         )   (-94568         )   (-223136        )   (-392800        )   (-586499        )   (-766658        )   (-868342        )   (-792992        )   (-404175        )   (472602         )   (2043204        )   (4527576        )   (8127018        )   (12969900       )   (19028172       )   (25995264       )   (33113946       )   (38940404       )   (41028160       )   (35512496       )   (16572707       )   (-24254222      )   

(0              )   (1              )   (-11            )   (43             )   (-57            )   (-36            )   (84             )   (116            )   (-28            )   (-238           )   (-294           )   (-42            )   (462            )   (924            )   (924            )   (132            )   (-1452          )   (-3333          )   (-4521          )   (-3751          )   (77             )   (7304           )   (16896          )   (25992          )   (29832          )   (22276          )   (-2924          )   (-50036         )   (-118532        )   (-199832        )   (-274136        )   (-308136        )   (-254664        )   (-55563         )   (350777         )   (1015751        )   (1959443        )   (3141252        )   (4422204        )   (5520204        )   (5961372        )   (5033238        )   (1749102        )   (-5162526       )   (-17223606      )   (-36100188      )   (-63387676      )   (-100240324     )   (-146784148     )   (-201236433     )   (-258636069     )   

(0              )   (1              )   (-12            )   (53             )   (-90            )   (-12            )   (144            )   (92             )   (-168           )   (-350           )   (-168           )   (378            )   (924            )   (924            )   (0              )   (-1716          )   (-3432          )   (-3861          )   (-1716          )   (3575           )   (11154          )   (18304          )   (20592          )   (12792          )   (-9360          )   (-46748         )   (-94224         )   (-138412        )   (-156872        )   (-119640        )   (5888           )   (246024         )   (607632         )   (1061397        )   (1523300        )   (1837497        )   (1765438        )   (987804         )   (-872496        )   (-4196700       )   (-9275736       )   (-16165242      )   (-24482616      )   (-33143346      )   (-40041900      )   (-41694876      )   (-32882176      )   (-6347148       )   (47349352       )   (139681215      )   (283518012      )   

(0              )   (1              )   (-13            )   (64             )   (-132           )   (36             )   (204            )   (8              )   (-344           )   (-358           )   (174            )   (888            )   (1056           )   (132            )   (-1716          )   (-3432          )   (-3432          )   (-429           )   (5577           )   (12584          )   (16588          )   (12584          )   (-3432          )   (-31824         )   (-66768         )   (-94796         )   (-95524         )   (-45488         )   (74464          )   (268568         )   (513736         )   (747984         )   (863568         )   (709701         )   (110207         )   (-1098896       )   (-3008452       )   (-5551524       )   (-8399628       )   (-10851336      )   (-11733672      )   (-9347442       )   (-1499574       )   (14322312       )   (40567104       )   (78956028       )   (129463604      )   (188880808      )   (248924456      )   (293906967      )   (298062549      )   

(0              )   (1              )   (-14            )   (76             )   (-184           )   (116            )   (248            )   (-152           )   (-512           )   (-182           )   (708            )   (1248           )   (528            )   (-1452          )   (-3432          )   (-3432          )   (0              )   (6435           )   (12870          )   (14300          )   (5720           )   (-14872         )   (-43472         )   (-68432         )   (-71552         )   (-32812         )   (61256          )   (206816         )   (372256         )   (491896         )   (468496         )   (189008         )   (-443392        )   (-1460827       )   (-2770022       )   (-4089332       )   (-4899992       )   (-4434612       )   (-1731192       )   (4216728        )   (14185728       )   (28305630       )   (45500940       )   (62822400       )   (74744880       )   (72566700       )   (44118248       )   (-25928152      )   (-154765312     )   (-358707257     )   (-648458642     )   

(0              )   (1              )   (-15            )   (89             )   (-247           )   (237            )   (253            )   (-395           )   (-603           )   (239            )   (1311           )   (1143           )   (-825           )   (-3333          )   (-3861          )   (-429           )   (6435           )   (12870          )   (12870          )   (1430           )   (-21450         )   (-47762         )   (-61490         )   (-42978         )   (22334          )   (132626         )   (259506         )   (343810         )   (302434         )   (49818          )   (-465478        )   (-1213462       )   (-2034870       )   (-2608913       )   (-2457281       )   (-1006569       )   (2272103        )   (7637475        )   (14775507       )   (22454619       )   (28206891       )   (28141065       )   (17030745       )   (-11148735      )   (-62048655      )   (-138971715     )   (-239986867     )   (-354151515     )   (-457060523     )   (-506237156     )   (-437281284     )   

(0              )   (1              )   (-16            )   (103            )   (-322           )   (409            )   (188            )   (-713           )   (-526           )   (919            )   (1752           )   (273            )   (-2838          )   (-4521          )   (-1716          )   (5577           )   (12870          )   (12870          )   (0              )   (-24310         )   (-48620         )   (-53482         )   (-19448         )   (60554          )   (168844         )   (256802         )   (251056         )   (75854          )   (-309332        )   (-864382        )   (-1429496       )   (-1712002       )   (-1319948       )   (140879         )   (2901424        )   (6809417        )   (11094658       )   (14187927       )   (13688484       )   (6592089        )   (-10110258      )   (-38382975      )   (-77634360      )   (-122844585     )   (-162595770     )   (-177470175     )   (-139513612     )   (-13691393      )   (237551114      )   (645435004      )   (1220628032     )   

(0              )   (1              )   (-17            )   (118            )   (-410           )   (643            )   (13             )   (-1076          )   (-176           )   (1795           )   (1709           )   (-1522          )   (-4906          )   (-3751          )   (3575           )   (12584          )   (14300          )   (1430           )   (-24310         )   (-48620         )   (-48620         )   (-4862          )   (82654          )   (182104         )   (229840         )   (148954         )   (-113594        )   (-539852        )   (-1000892       )   (-1246610       )   (-947342        )   (199648         )   (2303704        )   (5084479        )   (7704145        )   (8710714        )   (6186538        )   (-1814851       )   (-16502221      )   (-37287100      )   (-60581536      )   (-78743995      )   (-79612405      )   (-47188270      )   (35905130       )   (183626495      )   (399053233      )   (664389064      )   (929322964      )   (1099655740     )   (1029413764     )   

(0              )   (1              )   (-18            )   (134            )   (-512           )   (951            )   (-322           )   (-1424          )   (552            )   (2699           )   (818            )   (-4122          )   (-5984          )   (77             )   (11154          )   (16588          )   (5720           )   (-21450         )   (-48620         )   (-48620         )   (0              )   (92378          )   (184756         )   (201552         )   (67184          )   (-243542        )   (-655044        )   (-967708        )   (-888896        )   (-133722        )   (1412156        )   (3506488        )   (5410896        )   (5887967        )   (3423154        )   (-3274422       )   (-14509312      )   (-28697239      )   (-41569758      )   (-45852416      )   (-31859752      )   (10559325       )   (88434910       )   (200471450      )   (330753120      )   (442569355      )   (474369598      )   (340652196      )   (-58802968      )   (-817793156     )   (-1987690872    )   

(0              )   (1              )   (-19            )   (151            )   (-629           )   (1346           )   (-878           )   (-1658          )   (1742           )   (3337           )   (-1243          )   (-7001          )   (-4741          )   (7304           )   (18304          )   (12584          )   (-14872         )   (-47762         )   (-53482         )   (-4862          )   (92378          )   (184756         )   (184756         )   (16796          )   (-319124        )   (-697034        )   (-864994        )   (-522614        )   (523906         )   (2167976        )   (3847576        )   (4529752        )   (2927672        )   (-2006153       )   (-10358933      )   (-20479663      )   (-28440131      )   (-28118746      )   (-12294026      )   (24993074       )   (84838154       )   (159116983      )   (226433243      )   (250034873      )   (179845093      )   (-39091792      )   (-449860904     )   (-1057947904    )   (-1798055264    )   (-2498242484    )   (-2850347044    )   

(0              )   (1              )   (-20            )   (169            )   (-762           )   (1842           )   (-1728          )   (-1630          )   (3428           )   (3281           )   (-4636          )   (-9151          )   (110            )   (16896          )   (20592          )   (-3432          )   (-43472         )   (-61490         )   (-19448         )   (82654          )   (184756         )   (184756         )   (0              )   (-352716        )   (-705432        )   (-764218        )   (-235144        )   (972230         )   (2541364        )   (3661528        )   (3173152        )   (7752           )   (-6124080       )   (-13985577      )   (-20332204      )   (-20094001      )   (-7574806       )   (21186710       )   (65130176       )   (114711302      )   (149563308      )   (139003983      )   (47203260       )   (-155628353     )   (-475853006     )   (-874634984     )   (-1246312304    )   (-1404538400    )   (-1086697856    )   (11170188       )   (2157308112     )   

(0              )   (1              )   (-21            )   (188            )   (-912           )   (2454           )   (-2958          )   (-1132          )   (5556           )   (1981           )   (-9217          )   (-9096          )   (9316           )   (25992          )   (12792          )   (-31824         )   (-68432         )   (-42978         )   (60554          )   (182104         )   (201552         )   (16796          )   (-352716        )   (-705432        )   (-705432        )   (-58786         )   (1234506        )   (2677024        )   (3273928        )   (1852728        )   (-2297176       )   (-8635728       )   (-14775312      )   (-16512729      )   (-8873779       )   (11696628       )   (44309824       )   (80646146       )   (103402902      )   (87853852       )   (7994556        )   (-152128077     )   (-382932783     )   (-632967656     )   (-797563956     )   (-720492928     )   (-217535264     )   (870550944      )   (2592929888     )   (4777495788     )   (6912463524     )   

(0              )   (1              )   (-22            )   (208            )   (-1080          )   (3198           )   (-4668          )   (116            )   (7936           )   (-1195          )   (-14374         )   (-5036          )   (22472          )   (29832          )   (-9360          )   (-66768         )   (-71552         )   (22334          )   (168844         )   (229840         )   (67184          )   (-319124        )   (-705432        )   (-705432        )   (0              )   (1352078        )   (2704156        )   (2912168        )   (832048         )   (-3863080       )   (-9865712       )   (-13907088      )   (-11410944      )   (1626951        )   (25778630       )   (55222816       )   (76139384       )   (68165882       )   (10276492       )   (-108675460     )   (-276388608     )   (-444505797     )   (-523182426     )   (-390284516     )   (78086840       )   (952721824      )   (2176172416     )   (3481793888     )   (4333621888     )   (3925257900     )   (1282729848     )   

(0              )   (1              )   (-23            )   (229            )   (-1267          )   (4091           )   (-6973          )   (2479           )   (10183          )   (-6884          )   (-18868         )   (4844           )   (37388          )   (22276          )   (-46748         )   (-94796         )   (-32812         )   (132626         )   (256802         )   (148954         )   (-243542        )   (-697034        )   (-764218        )   (-58786         )   (1352078        )   (2704156        )   (2704156        )   (208012         )   (-4784276       )   (-10311452      )   (-12451004      )   (-6626668       )   (9776564        )   (34225403       )   (56750131       )   (60415687       )   (26109439       )   (-58003447      )   (-184058719     )   (-313287163     )   (-372324851     )   (-264053432     )   (101775736      )   (757856072      )   (1616511944     )   (2413060088     )   (2683788856     )   (1813237912     )   (-816727976     )   (-5558713852    )   (-12126499804   )   

(0              )   (1              )   (-24            )   (251            )   (-1474          )   (5151           )   (-10004         )   (6421           )   (11646          )   (-15604         )   (-20704         )   (21876          )   (49576          )   (-2924          )   (-94224         )   (-95524         )   (61256          )   (259506         )   (251056         )   (-113594        )   (-655044        )   (-864994        )   (-235144        )   (1234506        )   (2704156        )   (2704156        )   (0              )   (-5200300       )   (-10400600      )   (-11143500      )   (-2971600       )   (15303740       )   (38333640       )   (53005915       )   (41305240       )   (-11779335      )   (-106501270     )   (-216723595     )   (-284775420     )   (-229945145     )   (24304330       )   (504900600      )   (1134783200     )   (1689087800     )   (1789887600     )   (969923800      )   (-1172407520    )   (-4726747320    )   (-9169951120    )   (-13095209020   )   (-14104281120   )   

(0              )   (1              )   (-25            )   (274            )   (-1702          )   (6397           )   (-13909         )   (12520          )   (11324          )   (-27572         )   (-17068         )   (46216          )   (52040          )   (-50036         )   (-138412        )   (-45488         )   (206816         )   (343810         )   (75854          )   (-539852        )   (-967708        )   (-522614        )   (972230         )   (2677024        )   (2912168        )   (208012         )   (-5200300       )   (-10400600      )   (-10400600      )   (-742900        )   (18572500       )   (39819440       )   (47545600       )   (23884235       )   (-40822355      )   (-135212170     )   (-218154770     )   (-221875825     )   (-73204055      )   (266401640      )   (750596260      )   (1206888200     )   (1331870200     )   (751391600      )   (-836896400     )   (-3446747800    )   (-6559002920    )   (-8940935200    )   (-8657391680    )   (-3412698460    )   (8673438460     )   

(0              )   (1              )   (-26            )   (298            )   (-1952          )   (7849           )   (-18854         )   (21484          )   (7768           )   (-42452         )   (-4376          )   (75976          )   (35584          )   (-118532        )   (-156872        )   (74464          )   (372256         )   (302434         )   (-309332        )   (-1000892       )   (-888896        )   (523906         )   (2541364        )   (3273928        )   (832048         )   (-4784276       )   (-10400600      )   (-10400600      )   (0              )   (20058300       )   (40116600       )   (42791040       )   (10697760       )   (-60509205      )   (-149100030     )   (-202667490     )   (-150397920     )   (64035795       )   (434583390      )   (847393140      )   (1065186120     )   (770881800      )   (-311024400     )   (-2223373200    )   (-4563052800    )   (-6336007800    )   (-6001515120    )   (-1824444480    )   (7400034240     )   (21302119140    )   (36800954520    )   

(0              )   (1              )   (-27            )   (323            )   (-2225          )   (9528           )   (-25024         )   (34168          )   (-1032          )   (-59020         )   (21508          )   (106236         )   (-10132         )   (-199832        )   (-119640        )   (268568         )   (491896         )   (49818          )   (-864382        )   (-1246610       )   (-133722        )   (2167976        )   (3661528        )   (1852728        )   (-3863080       )   (-10311452      )   (-11143500      )   (-742900        )   (20058300       )   (40116600       )   (40116600       )   (2674440        )   (-72209880      )   (-154114605     )   (-182196225     )   (-86663655      )   (168273405      )   (533105040      )   (839616840      )   (817843200      )   (188243040      )   (-1171247400    )   (-3024035400    )   (-4625359800    )   (-4741666200    )   (-1951568400    )   (4718932080     )   (14897517840    )   (25946441040    )   (32448491700    )   (26645207940    )   

(0              )   (1              )   (-28            )   (349            )   (-2522          )   (11456          )   (-32624         )   (51592          )   (-17776         )   (-74732         )   (64816          )   (128036         )   (-94568         )   (-274136        )   (5888           )   (513736         )   (468496         )   (-465478        )   (-1429496       )   (-947342        )   (1412156        )   (3847576        )   (3173152        )   (-2297176       )   (-9865712       )   (-12451004      )   (-2971600       )   (18572500       )   (40116600       )   (40116600       )   (0              )   (-77558760      )   (-155117520     )   (-164812365     )   (-38779380      )   (238949415      )   (580550130      )   (777108360      )   (550515120      )   (-310875360     )   (-1758318720    )   (-3306052200    )   (-3987592800    )   (-2564881800    )   (1944171600     )   (9475935600     )   (18098004480    )   (23557658160    )   (19709063520    )   (264673140      )   (-37987102320   )   

(0              )   (1              )   (-29            )   (376            )   (-2844          )   (13656          )   (-41880         )   (74960          )   (-46000         )   (-85180         )   (129100         )   (127504         )   (-223136        )   (-308136        )   (246024         )   (747984         )   (189008         )   (-1213462       )   (-1712002       )   (199648         )   (3506488        )   (4529752        )   (7752           )   (-8635728       )   (-13907088      )   (-6626668       )   (15303740       )   (39819440       )   (42791040       )   (2674440        )   (-77558760      )   (-155117520     )   (-155117520     )   (-9694845       )   (281150505      )   (597658680      )   (700309980      )   (316318080      )   (-687383520     )   (-2099289120    )   (-3235857120    )   (-3025271880    )   (-400760280     )   (5009543520     )   (12083478720    )   (17671071120    )   (16817204400    )   (4178853600     )   (-23227399200   )   (-62380853100   )   (-100897301700  )   

(0              )   (1              )   (-30            )   (404            )   (-3192          )   (16152          )   (-53040         )   (105680         )   (-90240         )   (-83420         )   (216040         )   (85344          )   (-392800        )   (-254664        )   (607632         )   (863568         )   (-443392        )   (-2034870       )   (-1319948       )   (2303704        )   (5410896        )   (2927672        )   (-6124080       )   (-14775312      )   (-11410944      )   (9776564        )   (38333640       )   (47545600       )   (10697760       )   (-72209880      )   (-155117520     )   (-155117520     )   (0              )   (300540195      )   (601080390      )   (636438060      )   (141430680      )   (-942871200     )   (-2262890880    )   (-2987412960    )   (-2024691840    )   (1421750520     )   (7071534000     )   (12882598080    )   (14946989760    )   (8451103440     )   (-10073834400   )   (-39529389600   )   (-71114496000   )   (-87040550700   )   (-63176146200   )   

(0              )   (1              )   (-31            )   (433            )   (-3567          )   (18969          )   (-66375         )   (145385         )   (-156215        )   (-59155         )   (323725         )   (-23011         )   (-586499        )   (-55563         )   (1061397        )   (709701         )   (-1460827       )   (-2608913       )   (140879         )   (5084479        )   (5887967        )   (-2006153       )   (-13985577      )   (-16512729      )   (1626951        )   (34225403       )   (53005915       )   (23884235       )   (-60509205      )   (-154114605     )   (-164812365     )   (-9694845       )   (300540195      )   (601080390      )   (601080390      )   (35357670       )   (-1096087770    )   (-2321820330    )   (-2698968810    )   (-1160600010    )   (2789534070     )   (8260668270     )   (12488701230    )   (11228231310    )   (410024910      )   (-21032851170   )   (-48008892450   )   (-67390613250   )   (-59446330050   )   (-4257888750    )   (106647066450   )   

(0              )   (1              )   (-32            )   (463            )   (-3970          )   (22133          )   (-82180         )   (195955         )   (-251030        )   (2245           )   (444280         )   (-226181        )   (-766658        )   (350777         )   (1523300        )   (110207         )   (-2770022       )   (-2457281       )   (2901424        )   (7704145        )   (3423154        )   (-10358933      )   (-20332204      )   (-8873779       )   (25778630       )   (56750131       )   (41305240       )   (-40822355      )   (-149100030     )   (-182196225     )   (-38779380      )   (281150505      )   (601080390      )   (601080390      )   (0              )   (-1166803110    )   (-2333606220    )   (-2463251010    )   (-518579160     )   (3718758450     )   (8829492540     )   (11511092670    )   (7478457360     )   (-6270713790    )   (-28317151500   )   (-50170052490   )   (-56113242600   )   (-27486070950   )   (47848825500    )   (162483596850   )   (277646440800   )   

(0              )   (1              )   (-33            )   (494            )   (-4402          )   (25671          )   (-100775        )   (259540         )   (-383400        )   (120905         )   (560695         )   (-554046        )   (-868342        )   (1015751        )   (1837497        )   (-1098896       )   (-4089332       )   (-1006569       )   (6809417        )   (8710714        )   (-3274422       )   (-20479663      )   (-20094001      )   (11696628       )   (55222816       )   (60415687       )   (-11779335      )   (-135212170     )   (-202667490     )   (-86663655      )   (238949415      )   (597658680      )   (636438060      )   (35357670       )   (-1166803110    )   (-2333606220    )   (-2333606220    )   (-129644790     )   (4278278070     )   (9034194840     )   (10426170480    )   (4278278070     )   (-11265449910   )   (-32493078420   )   (-48268802340   )   (-41804551830   )   (2422310550     )   (87162724800    )   (189983692200   )   (256769638050   )   (209448885150   )   

(0              )   (1              )   (-34            )   (526            )   (-4864          )   (29611          )   (-122506        )   (338584         )   (-563896        )   (323809         )   (642694         )   (-1032742       )   (-792992        )   (1959443        )   (1765438        )   (-3008452       )   (-4899992       )   (2272103        )   (11094658       )   (6186538        )   (-14509312      )   (-28440131      )   (-7574806       )   (44309824       )   (76139384       )   (26109439       )   (-106501270     )   (-218154770     )   (-150397920     )   (168273405      )   (580550130      )   (700309980      )   (141430680      )   (-1096087770    )   (-2333606220    )   (-2333606220    )   (0              )   (4537567650     )   (9075135300     )   (9552774000     )   (1910554800     )   (-14663508090   )   (-34485514140   )   (-44447692740   )   (-27730338240   )   (27002714610    )   (113034128820   )   (195352232520   )   (211010475120   )   (87812728770    )   (-216277662180  )   

(0              )   (1              )   (-35            )   (559            )   (-5357          )   (33982          )   (-147746        )   (435850         )   (-805214        )   (646387         )   (641463         )   (-1676667       )   (-404175        )   (3141252        )   (987804         )   (-5551524       )   (-4434612       )   (7637475        )   (14187927       )   (-1814851       )   (-28697239      )   (-28118746      )   (21186710       )   (80646146       )   (68165882       )   (-58003447      )   (-216723595     )   (-221875825     )   (64035795       )   (533105040      )   (777108360      )   (316318080      )   (-942871200     )   (-2321820330    )   (-2463251010    )   (-129644790     )   (4537567650     )   (9075135300     )   (9075135300     )   (477638700      )   (-16717354500   )   (-35201972190   )   (-40360470150   )   (-15837134610   )   (45327912630    )   (127791303720   )   (186820003320   )   (156103978200   )   (-23590011720   )   (-357798233190  )   (-749701352910  )   

(0              )   (1              )   (-36            )   (593            )   (-5882          )   (38814          )   (-176896        )   (554446         )   (-1122468       )   (1134347        )   (483036         )   (-2476557       )   (472602         )   (4422204        )   (-872496        )   (-8399628       )   (-1731192       )   (14775507       )   (13688484       )   (-16502221      )   (-41569758      )   (-12294026      )   (65130176       )   (103402902      )   (10276492       )   (-184058719     )   (-284775420     )   (-73204055      )   (434583390      )   (839616840      )   (550515120      )   (-687383520     )   (-2262890880    )   (-2698968810    )   (-518579160     )   (4278278070     )   (9075135300     )   (9075135300     )   (0              )   (-17672631900   )   (-35345263800   )   (-37112526990   )   (-7069052760    )   (57814752930    )   (134816934780   )   (171952413240   )   (103189809120   )   (-114346219320  )   (-450144187440  )   (-760762397190  )   (-794867283720  )   

(0              )   (1              )   (-37            )   (628            )   (-6440          )   (44138          )   (-210386        )   (697852         )   (-1533508       )   (1845775        )   (60117          )   (-3382512       )   (2043204        )   (5520204        )   (-4196700       )   (-10851336      )   (4216728        )   (22454619       )   (6592089        )   (-37287100      )   (-45852416      )   (24993074       )   (114711302      )   (87853852       )   (-108675460     )   (-313287163     )   (-229945145     )   (266401640      )   (847393140      )   (817843200      )   (-310875360     )   (-2099289120    )   (-2987412960    )   (-1160600010    )   (3718758450     )   (9034194840     )   (9552774000     )   (477638700      )   (-17672631900   )   (-35345263800   )   (-35345263800   )   (-1767263190    )   (65388738030    )   (137341596480   )   (156529025400   )   (58847569080    )   (-181867448280  )   (-502593285840  )   (-724045034640  )   (-584519056950  )   (142138453710   )   

