(0      )   (1      )   (1      )   (1      )   (1      )   (1      )   (1      )   (1      )   (1      )   (1      )   (1      )   (1      )   (1      )   (1      )   (1      )   (1      )   (1      )   (1      )   (1      )   (1      )   (1      )   (1      )   (1      )   (1      )   (1      )   

(0      )   (1      )   (0      )   (-1     )   (-2     )   (-3     )   (-4     )   (-5     )   (-6     )   (-7     )   (-8     )   (-9     )   (-10    )   (-11    )   (-12    )   (-13    )   (-14    )   (-15    )   (-16    )   (-17    )   (-18    )   (-19    )   (-20    )   (-21    )   (-22    )   

(0      )   (1      )   (-1     )   (-2     )   (-2     )   (-1     )   (1      )   (4      )   (8      )   (13     )   (19     )   (26     )   (34     )   (43     )   (53     )   (64     )   (76     )   (89     )   (103    )   (118    )   (134    )   (151    )   (169    )   (188    )   (208    )   

(0      )   (1      )   (-2     )   (-2     )   (0      )   (3      )   (6      )   (8      )   (8      )   (5      )   (-2     )   (-14    )   (-32    )   (-57    )   (-90    )   (-132   )   (-184   )   (-247   )   (-322   )   (-410   )   (-512   )   (-629   )   (-762   )   (-912   )   (-1080  )   

(0      )   (1      )   (-3     )   (-1     )   (3      )   (6      )   (6      )   (2      )   (-6     )   (-17    )   (-29    )   (-39    )   (-43    )   (-36    )   (-12    )   (36     )   (116    )   (237    )   (409    )   (643    )   (951    )   (1346   )   (1842   )   (2454   )   (3198   )   

(0      )   (1      )   (-4     )   (1      )   (6      )   (6      )   (0      )   (-10    )   (-20    )   (-25    )   (-20    )   (-1     )   (34     )   (84     )   (144    )   (204    )   (248    )   (253    )   (188    )   (13     )   (-322   )   (-878   )   (-1728  )   (-2958  )   (-4668  )   

(0      )   (1      )   (-5     )   (4      )   (8      )   (2      )   (-10    )   (-20    )   (-20    )   (-5     )   (25     )   (64     )   (100    )   (116    )   (92     )   (8      )   (-152   )   (-395   )   (-713   )   (-1076  )   (-1424  )   (-1658  )   (-1630  )   (-1132  )   (116    )   

(0      )   (1      )   (-6     )   (8      )   (8      )   (-6     )   (-20    )   (-20    )   (0      )   (35     )   (70     )   (84     )   (56     )   (-28    )   (-168   )   (-344   )   (-512   )   (-603   )   (-526   )   (-176   )   (552    )   (1742   )   (3428   )   (5556   )   (7936   )   

(0      )   (1      )   (-7     )   (13     )   (5      )   (-17    )   (-25    )   (-5     )   (35     )   (70     )   (70     )   (14     )   (-98    )   (-238   )   (-350   )   (-358   )   (-182   )   (239    )   (919    )   (1795   )   (2699   )   (3337   )   (3281   )   (1981   )   (-1195  )   

(0      )   (1      )   (-8     )   (19     )   (-2     )   (-29    )   (-20    )   (25     )   (70     )   (70     )   (0      )   (-126   )   (-252   )   (-294   )   (-168   )   (174    )   (708    )   (1311   )   (1752   )   (1709   )   (818    )   (-1243  )   (-4636  )   (-9217  )   (-14374 )   

(0      )   (1      )   (-9     )   (26     )   (-14    )   (-39    )   (-1     )   (64     )   (84     )   (14     )   (-126   )   (-252   )   (-252   )   (-42    )   (378    )   (888    )   (1248   )   (1143   )   (273    )   (-1522  )   (-4122  )   (-7001  )   (-9151  )   (-9096  )   (-5036  )   

(0      )   (1      )   (-10    )   (34     )   (-32    )   (-43    )   (34     )   (100    )   (56     )   (-98    )   (-252   )   (-252   )   (0      )   (462    )   (924    )   (1056   )   (528    )   (-825   )   (-2838  )   (-4906  )   (-5984  )   (-4741  )   (110    )   (9316   )   (22472  )   

(0      )   (1      )   (-11    )   (43     )   (-57    )   (-36    )   (84     )   (116    )   (-28    )   (-238   )   (-294   )   (-42    )   (462    )   (924    )   (924    )   (132    )   (-1452  )   (-3333  )   (-4521  )   (-3751  )   (77     )   (7304   )   (16896  )   (25992  )   (29832  )   

(0      )   (1      )   (-12    )   (53     )   (-90    )   (-12    )   (144    )   (92     )   (-168   )   (-350   )   (-168   )   (378    )   (924    )   (924    )   (0      )   (-1716  )   (-3432  )   (-3861  )   (-1716  )   (3575   )   (11154  )   (18304  )   (20592  )   (12792  )   (-9360  )   

(0      )   (1      )   (-13    )   (64     )   (-132   )   (36     )   (204    )   (8      )   (-344   )   (-358   )   (174    )   (888    )   (1056   )   (132    )   (-1716  )   (-3432  )   (-3432  )   (-429   )   (5577   )   (12584  )   (16588  )   (12584  )   (-3432  )   (-31824 )   (-66768 )   

(0      )   (1      )   (-14    )   (76     )   (-184   )   (116    )   (248    )   (-152   )   (-512   )   (-182   )   (708    )   (1248   )   (528    )   (-1452  )   (-3432  )   (-3432  )   (0      )   (6435   )   (12870  )   (14300  )   (5720   )   (-14872 )   (-43472 )   (-68432 )   (-71552 )   

(0      )   (1      )   (-15    )   (89     )   (-247   )   (237    )   (253    )   (-395   )   (-603   )   (239    )   (1311   )   (1143   )   (-825   )   (-3333  )   (-3861  )   (-429   )   (6435   )   (12870  )   (12870  )   (1430   )   (-21450 )   (-47762 )   (-61490 )   (-42978 )   (22334  )   

(0      )   (1      )   (-16    )   (103    )   (-322   )   (409    )   (188    )   (-713   )   (-526   )   (919    )   (1752   )   (273    )   (-2838  )   (-4521  )   (-1716  )   (5577   )   (12870  )   (12870  )   (0      )   (-24310 )   (-48620 )   (-53482 )   (-19448 )   (60554  )   (168844 )   

(0      )   (1      )   (-17    )   (118    )   (-410   )   (643    )   (13     )   (-1076  )   (-176   )   (1795   )   (1709   )   (-1522  )   (-4906  )   (-3751  )   (3575   )   (12584  )   (14300  )   (1430   )   (-24310 )   (-48620 )   (-48620 )   (-4862  )   (82654  )   (182104 )   (229840 )   

(0      )   (1      )   (-18    )   (134    )   (-512   )   (951    )   (-322   )   (-1424  )   (552    )   (2699   )   (818    )   (-4122  )   (-5984  )   (77     )   (11154  )   (16588  )   (5720   )   (-21450 )   (-48620 )   (-48620 )   (0      )   (92378  )   (184756 )   (201552 )   (67184  )   

(0      )   (1      )   (-19    )   (151    )   (-629   )   (1346   )   (-878   )   (-1658  )   (1742   )   (3337   )   (-1243  )   (-7001  )   (-4741  )   (7304   )   (18304  )   (12584  )   (-14872 )   (-47762 )   (-53482 )   (-4862  )   (92378  )   (184756 )   (184756 )   (16796  )   (-319124)   

(0      )   (1      )   (-20    )   (169    )   (-762   )   (1842   )   (-1728  )   (-1630  )   (3428   )   (3281   )   (-4636  )   (-9151  )   (110    )   (16896  )   (20592  )   (-3432  )   (-43472 )   (-61490 )   (-19448 )   (82654  )   (184756 )   (184756 )   (0      )   (-352716)   (-705432)   

(0      )   (1      )   (-21    )   (188    )   (-912   )   (2454   )   (-2958  )   (-1132  )   (5556   )   (1981   )   (-9217  )   (-9096  )   (9316   )   (25992  )   (12792  )   (-31824 )   (-68432 )   (-42978 )   (60554  )   (182104 )   (201552 )   (16796  )   (-352716)   (-705432)   (-705432)   

(0      )   (1      )   (-22    )   (208    )   (-1080  )   (3198   )   (-4668  )   (116    )   (7936   )   (-1195  )   (-14374 )   (-5036  )   (22472  )   (29832  )   (-9360  )   (-66768 )   (-71552 )   (22334  )   (168844 )   (229840 )   (67184  )   (-319124)   (-705432)   (-705432)   (0      )   

(0      )   (1      )   (-23    )   (229    )   (-1267  )   (4091   )   (-6973  )   (2479   )   (10183  )   (-6884  )   (-18868 )   (4844   )   (37388  )   (22276  )   (-46748 )   (-94796 )   (-32812 )   (132626 )   (256802 )   (148954 )   (-243542)   (-697034)   (-764218)   (-58786 )   (1352078)   

